4.62600	6.70000e-05
4.63000	6.50000e-05
4.63400	7.00000e-05
4.63800	7.90000e-05
4.64200	9.10000e-05
4.64600	0.000100000
4.65100	0.000105000
4.65500	0.000103000
4.65900	0.000100000
4.66300	9.10000e-05
4.66700	7.30000e-05
4.67200	6.40000e-05
4.67600	7.40000e-05
4.68000	7.80000e-05
4.68400	7.00000e-05
4.68800	6.50000e-05
4.69300	7.10000e-05
4.69700	7.90000e-05
4.70100	7.20000e-05
4.70600	5.00000e-05
4.71000	2.40000e-05
4.71400	5.00000e-06
4.71800	1.00000e-05
4.72300	2.20000e-05
4.72700	1.40000e-05
4.73100	7.20000e-05
4.73600	7.50000e-05
4.74000	6.50000e-05
4.74400	4.60000e-05
4.74900	3.60000e-05
4.75300	2.90000e-05
4.75700	3.10000e-05
4.76200	6.80000e-05
4.76600	7.70000e-05
4.77000	9.10000e-05
4.77500	0.000101000
4.77900	0.000103000
4.78400	0.000103000
4.78800	0.000108000
4.79200	0.000103000
4.79700	8.90000e-05
4.80100	7.70000e-05
4.80600	7.40000e-05
4.81000	6.80000e-05
4.81500	6.70000e-05
4.81900	7.40000e-05
4.82400	7.50000e-05
4.82800	6.40000e-05
4.83300	5.40000e-05
4.83700	5.70000e-05
4.84200	6.60000e-05
4.84600	8.10000e-05
4.85100	0.000106000
4.85500	0.000127000
4.86000	0.000132000
4.86400	0.000118000
4.86900	8.80000e-05
4.87400	5.70000e-05
4.87800	4.00000e-05
4.88300	6.40000e-05
4.88700	0.000123000
4.89200	0.000200000
4.89700	0.000290000
4.90100	0.000418000
4.90600	0.000582000
4.91000	4.70000e-05
4.91500	0.000160000
4.92000	0.000351000
4.92400	0.000669000
4.92900	0.00115900
4.93400	0.00190000
4.93900	0.00303000
4.94300	0.00423100
4.94800	0.00652300
4.95300	0.00962500
4.95700	0.0135200
4.96200	0.0181500
4.96700	0.0233200
4.97200	0.0288100
4.97600	0.0345500
4.98100	0.0403600
4.98600	0.0461500
4.99100	0.0519100
4.99600	0.0575200
5.00000	0.0630400
5.00500	0.0684500
5.01000	0.0736000
5.01500	0.0785500
5.02000	0.0831600
5.02500	0.0872000
5.03000	0.0905300
5.03400	0.0929200
5.03900	0.0943100
5.04400	0.0947200
5.04900	0.0943100
5.05400	0.0935800
5.05900	0.0928400
5.06400	0.0924900
5.06900	0.0929300
5.07400	0.0941900
5.07900	0.0963700
5.08400	0.0993700
5.08900	0.102800
5.09400	0.106500
5.09900	0.110100
5.10400	0.113500
5.10900	0.116300
5.11400	0.118500
5.11900	0.120200
5.12400	0.121300
5.12900	0.121800
5.13400	0.122000
5.13900	0.121800
5.14400	0.121600
5.14900	0.121200
5.15500	0.120600
5.16000	0.120100
5.16500	0.119700
5.17000	0.119200
5.17500	0.118900
5.18000	0.118700
5.18500	0.118600
5.19100	0.118800
5.19600	0.119400
5.20100	0.120400
5.20600	0.121700
5.21200	0.123500
5.21700	0.125500
5.22200	0.127700
5.22700	0.129700
5.23300	0.131600
5.23800	0.133400
5.24300	0.134500
5.24800	0.135000
5.25400	0.135100
5.25900	0.134600
5.26400	0.133600
5.27000	0.132300
5.27500	0.130700
5.28100	0.128600
5.28600	0.126500
5.29100	0.124900
5.29700	0.123300
5.30200	0.122200
5.30800	0.122100
5.31300	0.122700
5.31800	0.124100
5.32400	0.126100
5.32900	0.128600
5.33500	0.131400
5.34000	0.134000
5.34600	0.136600
5.35100	0.138800
5.35700	0.140200
5.36200	0.141200
5.36800	0.142000
5.37400	0.142500
5.37900	0.142800
5.38500	0.143200
5.39000	0.143600
5.39600	0.143600
5.40200	0.143600
5.40700	0.143600
5.41300	0.143300
5.41800	0.143300
5.42400	0.143000
5.43000	0.142400
5.43600	0.141900
5.44100	0.141800
5.44700	0.141700
5.45300	0.141400
5.45800	0.141200
5.46400	0.141200
5.47000	0.141100
5.47600	0.141000
5.48100	0.141200
5.48700	0.141200
5.49300	0.141000
5.49900	0.141000
5.50500	0.141000
5.51100	0.140500
5.51600	0.140300
5.52200	0.140400
5.52800	0.140400
5.53400	0.141000
5.54000	0.141900
5.54600	0.143500
5.55200	0.145500
5.55800	0.147400
5.56400	0.149100
5.57000	0.150600
5.57600	0.151800
5.58200	0.152300
5.58800	0.152100
5.59400	0.151700
5.60000	0.151300
5.60600	0.150800
5.61200	0.150200
5.61800	0.149700
5.62400	0.149400
5.63000	0.149400
5.63600	0.149800
5.64300	0.150400
5.64900	0.151100
5.65500	0.152100
5.66100	0.153200
5.66700	0.154300
5.67300	0.155700
5.68000	0.156500
5.68600	0.156900
5.69200	0.157200
5.69800	0.156700
5.70500	0.156300
5.71100	0.156000
5.71700	0.155300
5.72300	0.155400
5.73000	0.156100
5.73600	0.157200
5.74200	0.159000
5.74900	0.160700
5.75500	0.161800
5.76200	0.163000
5.76800	0.163400
5.77400	0.162300
5.78100	0.161300
5.78700	0.160000
5.79400	0.158500
5.80000	0.158100
5.80700	0.158000
5.81300	0.158500
5.82000	0.159800
5.82600	0.160800
5.83300	0.161600
5.83900	0.162400
5.84600	0.163000
5.85300	0.163500
5.85900	0.164000
5.86600	0.164200
5.87300	0.164600
5.87900	0.165600
5.88600	0.165700
5.89300	0.165900
5.89900	0.166500
5.90600	0.166000
5.91300	0.165600
5.91900	0.165200
5.92600	0.164300
5.93300	0.164200
5.94000	0.163900
5.94700	0.163700
5.95300	0.164000
5.96000	0.165000
5.96700	0.166800
5.97400	0.168100
5.98100	0.168700
5.98800	0.169800
5.99500	0.169900
6.00200	0.168800
6.00900	0.168100
6.01600	0.167100
6.02300	0.165800
6.03000	0.164700
6.03700	0.164200
6.04400	0.164900
6.05100	0.165700
6.05800	0.165500
6.06500	0.166300
6.07200	0.167600
6.07900	0.167400
6.08600	0.166900
6.09300	0.166700
6.10100	0.165800
6.10800	0.164700
6.11500	0.163700
6.12200	0.162000
6.12900	0.160400
6.13700	0.159500
6.14400	0.159000
6.15100	0.158700
6.15900	0.158800
6.16600	0.159100
6.17300	0.159400
6.18100	0.160500
6.18800	0.161900
6.19500	0.162700
6.20300	0.163600
6.21000	0.164100
6.21800	0.163400
6.22500	0.162000
6.23300	0.159800
6.24000	0.156800
6.24800	0.153700
6.25500	0.151200
6.26300	0.149300
6.27000	0.148500
6.27800	0.149000
6.28500	0.150400
6.29300	0.152900
6.30100	0.155700
6.30800	0.157900
6.31600	0.159500
6.32400	0.160500
6.33100	0.160500
6.33900	0.160400
6.34700	0.160000
6.35500	0.158500
6.36300	0.156900
6.37000	0.153900
6.37800	0.148000
6.38600	0.140300
6.39400	0.130600
6.40200	0.119700
6.41000	0.109500
6.41800	0.0997600
6.42600	0.0901600
6.43400	0.0807000
6.44200	0.0702500
6.45000	0.0584100
6.45800	0.0456300
6.46600	0.0331900
6.47400	0.0225300
6.48200	0.0142700
6.49000	0.00850400
6.49800	0.00482600
6.50600	0.00274100
6.51400	0.00165000
6.52300	0.00103600
6.53100	0.000657000
6.53900	0.000441000
6.54700	0.000320000
6.55600	0.000218000
6.56400	0.000133000
6.57200	9.00000e-05
6.58100	0.000141000
6.58900	0.000160000
6.59700	0.000187000
6.60600	8.80000e-05
6.61400	0.000108000
6.62300	8.40000e-05
6.63100	0.000191000
6.64000	0.000128000
6.64800	8.60000e-05
6.65700	8.40000e-05
6.66500	0.000104000
6.67400	0.000113000
6.68200	9.60000e-05
6.69100	2.90000e-05
6.70000	1.50000e-05
6.70800	4.10000e-05
6.71700	4.60000e-05
6.72600	7.40000e-05
6.73400	0.000120000
6.74300	5.60000e-05
6.75200	7.00000e-05
6.76100	6.00000e-05
6.77000	0.000160000
6.77800	0.000128000
6.78700	6.70000e-05
6.79600	0.000125000
6.80500	0.000138000
6.81400	0.000174000
6.82300	5.10000e-05
6.83200	9.40000e-05
6.84100	0.000106000
6.85000	0.000100000
6.85900	8.80000e-05
6.86800	7.40000e-05
6.87700	6.90000e-05
6.88600	8.60000e-05
6.89600	0.000118000
